20195907
20200150
20202165
20204880
20208518
20212123
20214804
20221582
20226077
20227352
20230648
20231441
20231470
20236552
20298244
20300944
20302677
20305285
20335277
20345641
20358292
20360863
20360951
20374530
20377688
20380715
20381365
20385587
20385832
20395551
20396965
20396969
20400488
20403182
20404857
20408996
20408998
20409004
20409005
20409006
20409007
20409176
20409179
20410883
20411391
20414198
20421496
20423459
20423940
20424165
20424856
20427642
20430748
20439431
20439547
20442372
20442374
20442929
20444194
20444229
20448098
20453115
20453199
20456051
20457803
20457881
20472560
20473553
20473652
20479223
20484022
20484369
20485508
20489198
20492555
20498057
20498364
20504319
20505354
20507469
20507525
20508143
20508151
20508152
20515974
20516080
20516197
20522560
20525008
20525850
20528920
20536787
20545884
20545893
20546137
20547563
20547591
20548962
20550711
20552324
20561255
20561259
20565620
20569427
20573705
20576316
20581123
20584907
20585583
20591837
20593003
20593023
20595206
20596537
20598093
20607362
20613864
20624951
20626654
20627950
20628047
20628760
20631708
20634289
20636105
20637108
20639339
20642851
20643810
20645128
20646326
20647377
20650273
20652492
20654573
20656895
20656909
20657578
20657737
20659280
20659299
20659892
20661628
20661629
20663086
20667910
20667961
20676902
20679226
20682769
20683442
20683728
20691177
20696005
20696912
20699009
20700573
20703330
20704736
20706774
20708590
20709960
20716069
20717979
20731530
20734260
20739301
20739304
20797995
20798281
20801923
20805329
20807210
20807372
20807375
20807376
20808643
20808807
20817745
20822504
20823192
20823222
20823244
20825577
20828134
20833728
20834229
20835883
20836879
20837504
20837525
20837581
20838596
20852069
20855431
20855520
20855602
20863290
20869941
20872210
20876124
20876608
20878348
20884277
20919819
20926553
20929764
20930525
20932601
20935067
20937886
20946606
20946635
20949070
20950893
20951049
20956294
20959378
20960203
20974011
20974974
20977772
20980268
21030647
21035093
21036872
21037104
21044985
21045071
21051954
21051956
21052782
21054438
21055780
21062318
21070406
21070410
21071669
21073590
21078185
21079791
21085673
21094157
21097711
21097903
21098676
21098733
21105928
21106006
21114819
21116646
21118350
21118984
21122813
21124849
21124869
21124938
21134079
21135240
21139066
21139084
21139430
21139434
21145416
21145502
21149701
21149702
21149713
21159321
21161200
21169508
21171891
21175633
21175890
21181499
21181537
21181539
21186176
21187014
21187379
21188635
21199565
21203436
21203445
21203447
21203492
21205031
21205207
21205615
21209078
21209891
21217641
21219661
21220310
21220313
21220338
21220341
21220584
21221128
21222437
21223384
21223392
21223395
21224377
21234790
21235646
21240536
21242318
21243515
21244434
21251017
21251018
21251106
21251110
21253568
21254559
21255165
21256041
21257604
21258002
21258370
21261464
21262798
21265889
21265892
21265896
21265898
21265899
21265901
21266495
21275992
21276103
21279647
21282524
21284756
21288267
21288732
21289069
21293364
21293378
21294796
21294841
21296968
21301222
21302020
21303553
21304159
21307385
21309792
21309864
21309868
21309870
21309871
21317339
21318135
21321051
21323637
21325139
21325898
21327081
21331777
21335375
21338917
21340699
21342209
21350329
21352905
21356798
21359674
21359957
21362134
21365491
21371039
21375386
21382590
21382977
21385462
21385724
21385782
21385783
21388379
21388419
21395597
21398429
21398569
21399627
21399949
21401745
21406624
21408135
21408147
21418356
21420347
21421372
21421377
21423774
21426425
21431295
21435048
21441932
21442326
21443626
21443629
21443631
21447069
21447813
21448008
21453345
21455488
21457262
21457366
21457369
21457370
21457373
21457375
21458884
21459829
21461976
21464308
21464319
21465186
21466556
21466602
21469938
21471117
21471120
21471331
21471455
21477884
21478030
21482766
21486304
21496226
21497715
21498677
21499841
21501262
21504904
21505067
21505433
21505842
21511362
21515697
21515810
21518052
21533550
21533840
21533842
21535258
21535259
21538103
21538139
21540435
21545083
21545406
21546455
21549312
21554450
21554455
21554456
21559383
21559970
21564353
21569035
21569383
21569431
21571948
21573979
21575088
21575089
21575091
21575092
21586684
21589905
21592617
21593273
21593986
21595760
21596949
21601466
21606486
21609362
21612656
21613226
21613568
21615203
21620334
21621546
21621873
21622345
21623974
21623975
21625539
21629676
21631530
21631533
21631535
21633707
21645145
21645147
21645149
21645203
21649509
21658589
21659327
21660474
21664582
21665322
21665323
21668538
21680829
21683879
21684034
21689171
21689172
21689173
21693694
21695426
21696844
21698366
21699589
21701588
21705640
21707619
21707620
21707649
21710206
21711359
21715650
21717189
21726385
21726398
21730358
21733855
21735198
21737279
21738492
21738595
21738689
21741261
21745249
21753117
21764168
21768351
21770944
21771120
21771883
21772250
21774399
21779177
21785141
21790814
21800258
21801251
21801252
21801253
21805277
21806801
21806943
21810995
21811420
21811571
21815976
21818402
21822057
21828250
21828251
21828290
21829351
21830108
21835493
21837572
21844348
21848868
21849397
21850477
21852275
21857988
21862668
21863448
21867679
21868675
21873203
21873230
21879323
21880780
21883051
21883547
21883551
21886450
21890738
21895810
21895811
21896657
21897033
21898257
21900740
21901099
21906221
21908441
21909364
21910031
21910771
21910773
21910774
21914010
21914012
21914656
21919982
21934144
21936663
21940642
21942452
21943393
21948846
21949211
21949378
21949748
21950772
21950843
21951689
21954463
21960139
21964330
21967323
21969089
21969386
21971994
21972260
21972845
21976481
21981015
21984902
21985558
21985584
21988498
21988537
21988710
21988878
21990940
21990941
21992190
21995765
21998587
22002954
22005000
22006940
22007837
22007864
22007900
22010949
22014117
22014280
22018057
22021439
22021573
22025558
22026387
22028461
22028669
22028934
22029708
22031547
22034630
22038284
22039535
22044965
22045922
22046144
22046960
22048038
22048901
22058024
22059596
22067484
22067989
22068145
22071267
22071606
22080596
22080601
22081402
22082126
22082223
22085406
22086333
22089235
22092531
22095047
22098373
22099451
22101345
22102828
22106285
22108407
22108717
22110750
22112216
22112219
22115195
22122670
22123791
22126457
22127866
22128122
22129600
22134914
22136599
22139936
22140118
22140509
22140554
22143777
22143805
22146729
22150097
22150158
22156226
22156383
22157756
22158468
22158760
22168948
22171989
22174440
22174881
22176531
22185468
22188129
22194197
22194805
22194941
22195596
22201048
22209765
22210906
22211401
22211474
22211633
22212122
22225700
22228409
22233300
22235872
22236040
22238449
22239102
22245611
22248025
22248079
22253603
22264329
22269056
22269081
22270560
22278767
22279586
22283708
22284714
22286138
22290408
22291601
22293116
22295908
22297847
22301959
22302148
22303332
22305521
22307047
22307083
22307555
22308264
22315425
22319053
22319460
22320407
22321211
22323738
22324426
22325353
22325870
22325871
22325892
22328157
22332758
22336428
22337921
22339729
22340255
22346747
22346759
22346763
22347436
22350089
22353039
22353560
22353573
22353577
22353606
22353863
22353871
22357613
22357616
22363419
22363474
22363522
22367205
22371569
22372488
22372525
22372537
22380792
22382487
22382488
22382993
22383961
22389516
22390794
22391856
22396800
22402261
22404168
22404201
22404536
22404736
22404827
22404835
22406625
22409594
22409654
22411507
22411807
22411811
22413742
22414437
22414440
22417285
22422982
22424472
22429648
22429691
22431617
22431732
22431969
22434195
22435713
22438021
22438876
22442143
22443269
22448681
22451723
22457828
22458849
22461611
22461667
22464191
22464194
22466576
22466714
22470058
22474391
22476443
22479194
22485969
22486382
22487192
22489162
22489678
22490017
22497662
22499172
22499202
22504372
22506810
22509260
22509916
22511887
22513258
22516478
22516818
22517317
22520048
22520078
22524643
22525681
22526030
22526496
22526503
22527389
22529284
22529386
22529394
22531182
22534126
22535321
22536163
22537759
22540040
22540368
22546537
22550958
22551905
22551943
22555401
22555433
22555436
22560897
22563431
22563826
22563899
22566495
22566615
22566625
22569258
22570076
22570631
22572939
22573334
22573618
22573623
22575341
22576090
22577962
22578006
22580578
22585556
22586475
22589732
22589747
22590578
22595674
22607547
22611176
22614255
22615140
22615900
22623517
22623518
22628657
22632271
22639576
22639607
22639932
22640521
22641422
22644767
22644768
22654057
22659182
22659186
22661072
22665283
22665444
22669746
22669825
22672737
22676051
22676624
22679928
22682803
22683264
22684075
22685082
22685166
22685167
22688271
22689990
22693280
22697796
22700931
22702246
22704988
22706285
22706287
22708723
22709276
22714407
22720803
22724014
22730405
22731699
22732219
22733760
22735703
22737403
22738953
22744179
22748359
22751326
22751362
22757778
22761583
22762247
22762281
22762858
22772985
22773745
22773751
22776508
22778149
22778405
22786869
22788523
22789755
22791827
22792077
22792078
22794924
22797472
22801866
22802626
22805005
22805435
22809828
22814374
22821940
22822057
22824090
22825869
22829206
22835273
22835982
22837357
22843990
22847330
22848518
22853954
22854180
22855128
22855789
22859675
22864417
22865910
22876192
22879396
22880063
22885061
22885615
22888124
22888130
22888152
22888153
22890836
22892321
22892638
22894177
22899067
22899085
22899086
22900018
22900049
22900897
22902704
22912871
22913653
22915737
22920973
22930734
22931372
22932758
22932845
22932846
22933713
22935101
22936567
22945313
22947050
22947320
22951805
22952759
22960247
22961131
22961205
22961663
22963533
22963672
22965746
22968911
22972330
22973063
22976392
22977118
22977281
22984469
22984573
22986789
22989211
22991160
22993420
22995833
23001037
23001196
23002434
23004358
23007516
23007554
23011567
23012349
23017240
23020316
23025792
23025793
23027938
23028873
23031575
23039848
23043080
23051172
23051646
23051937
23053954
23054389
23054390
23058975
23061883
23062007
23065054
23065197
23065269
23066145
23067104
23067202
23071111
23071733
23072934
23073010
23073020
23082129
23083333
23083702
23087001
23093420
23093946
23094096
23100543
23102437
23103471
23105131
23106228
23106390
23116119
23116396
23116669
23118188
23118477
23118617
23118960
23125440
23126621
23128602
23132787
23133367
23133634
23135328
23135843
23136374
23136376
23137635
23142082
23144181
23144186
23144618
23145488
23145912
23146178
23147222
23148487
23148914
23150922
23151348
23153277
23154062
23154417
23157553
23160637
23160806
23161859
23162559
23166504
23167462
23167545
23173056
23173976
23175631
23178483
23180292
23181524
23181568
23190411
23192225
23199687
23204014
23204404
23204407
23205022
23205954
23212439
23213410
23218546
23219552
23220695
23220823
23220939
23221747
23222483
23224238
23225155
23227895
23230006
23230509
23231646
23233856
23237049
23241244
23241948
23242656
23250209
23250624
23251667
23252371
23253603
23261263
23264639
23265320
23271018
23271028
23271976
23272088
23272131
23273925
23277363
23277547
23277580
23279701
23282329
23289750
23289771
23289852
23292599
23293348
23293642
23294330
23295491
23297417
23297418
23299325
23299328
23299338
23299438
23300481
23301046
23301854
23302690
23303916
23308094
23308205
23308229
23316050
23319631
23319637
23320078
23321285
23323758
23326241
23329015
23334469
23335333
23335630
23336247
23341337
23341595
23344040
23345424
23349883
23352406
23359424
23362207
23362252
23365455
23370720
23371549
23371951
23372012
23372747
23373825
23373882
23375585
23376771
23377040
23377180
23383073
23384041
23386265
23390600
23394835
23396828
23396830
23396833
23397991
23398192
23398263
23404561
23404887
23408827
23411694
23415323
23415332
23417004
23417034
23418559
23420846
23420902
23421766
23425240
23425284
23425305
23425854
23425856
23425922
23430044
23430255
23430256
23431184
23432399
23435895
23437797
23437871
23437935
23441575
23442154
23444328
23444332
23445516
23446032
23447105
23449474
23451802
23451828
23452324
23454211
23454656
23455459
23456248
23456334
23460898
23461282
23461773
23462936
23463491
23480350
23480361
23483879
23487777
23494613
23495664
23496965
23498857
23503626
23505373
23506837
23506885
23508663
23509176
23509177
23509268
23509698
23510449
23511208
23515225
23516366
23519468
23521509
23522286
23525745
23530226
23533573
23539301
23539362
23542151
23543321
23543845
23548781
23550529
23551229
23551663
23551747
23551974
23555295
23558642
23559340
23561294
23568509
23570336
23575883
23577648
23578292
23578334
23578929
23580594
23580596
23581288
23583621
23585652
23586618
23590883
23592226
23593941
23595201
23599276
23602565
23606596
23607279
23609608
23613197
23617415
23617599
23620480
23620481
23621575
23624392
23624714
23625358
23626720
23628924
23629834
23629836
23633962
23636332
23637343
23637587
23637805
23639116
23640405
23640422
23644253
23647236
23649651
23650383
23651081
23651299
23653472
23653473
23656331
23658225
23659919
23663106
23663326
23667126
23677999
23681439
23686221
23686222
23690600
23691964
23695179
23695980
23700971
23703145
23703845
23706819
23713077
23715017
23716184
23717500
23718947
23720222
23720308
23731278
23732981
23733051
23733062
23733933
23735507
23741064
23745677
23747397
23748567
23750584
23751292
23754942
23756542
23756993
23757024
23757363
23757398
23759102
23762371
23771035
23771106
23771891
23771894
23771896
23775595
23776189
23776212
23784461
23786371
23795714
23795888
23799075
23803583
23803746
23807502
23811955
23812082
23816064
23818171
23818625
23818868
23818871
23818978
23821653
23825141
23832511
23832569
23834287
23834366
23835944
23838627
23839787
23840761
23847151
23849111
23849131
23849543
23852542
23860249
23864009
23864556
23865782
23868090
23872270
23874224
23874385
23877244
23877877
23881395
23881414
23882074
23883930
23884422
23884601
23891109
23893068
23893742
23898885
23899810
23900844
23902263
23903316
23903320
23903947
23921632
23922694
23923019
23926064
23926690
23926950
23927737
23929946
23931712
23934343
23934508
23936051
23936527
23937906
23941462
23943056
23943859
23943865
23944713
23944999
23945001
23945003
23950181
23959884
23961845
23963673
23964816
23969251
23972083
23974911
23983221
23999092
24001366
24003859
24004104
24006416
24006425
24006427
24014871
24015802
24019506
24022063
24022267
24023671
24023856
24025774
24027245
24030099
24033451
24036329
24036393
24036394
24036510
24037422
24038650
24039602
24043427
24043445
24043709
24043780
24043799
24043856
24045017
24045018
24053212
24053948
24057366
24057369
24057370
24057374
24057377
24062760
24067909
24068796
24068953
24073880
24076978
24076979
24078666
24078667
24082029
24082131
24086489
24088017
24088344
24089436
24089437
24092744
24098050
24098369
24101471
24103067
24104052
24104392
24111559
24116150
24118551
24127512
24127609
24129392
24129639
24130197
24135966
24139906
24142379
24144791
24146312
24146632
24154852
24157207
24157210
24157211
24163323
24163402
24164574
24164706
24168327
24174542
24179096
24179098
24188413
24190952
24192297
24196712
24198318
24198930
24200076
24203232
24204264
24204292
24207055
24211434
24214124
24218059
24218492
24223944
24236133
24244201
24244451
24244460
24244708
24246006
24246379
24252221
24254125
24254312
24255177
24272962
24274116
24275650
24278034
24279997
24285851
24286390
24286826
24286827
24287137
24287716
24292946
24296661
24299123
24299212
24302738
24302889
24305734
24308826
24309816
24312112
24313737
24314063
24319077
24320620
24323506
24324772
24330102
24330104
24330668
24333683
24333869
24334124
24336923
24337800
24337801
24338926
24340051
24342708
24349286
24349476
24350905
24352449
24358874
24358894
24363426
24366066
24368797
24369350
24370445
24370935
24372484
24377433
24381066
24385931
24386201
24388525
24388849
24393432
24395199
24395269
24395271
24397545
24398435
24398598
24399238
24408912
24410953
24412362
24413693
24413762
24417435
24420701
24420930
24425499
24430011
24436181
24436418
24438514
24443443
24443520
24447172
24449383
24453975
24454749
24456400
24460537
24463519
24463772
24464483
24465684
24465970
24472286
24478006
24482368
24482436
24483326
24483781
24484955
24486545
24486765
24489889
24491115
24492259
24497839
24498334
24500208
24500949
24502519
24504697
24506237
24506560
24510940
24510941
24516387
24520156
24523868
24523915
24525904
24532452
24532660
24535089
24535433
24547808
24548060
24550437
24551235
24552625
24553285
24553292
24555099
24561249
24563282
24564211
24564339
24564815
24569769
24572362
24573425
24577486
24580679
24584934
24585003
24585188
24585837
24586210
24591708
24591716
24591717
24597623
24599079
24600460
24601989
24603499
24604733
24606144
24609322
24623305
24623849
24625826
24626050
24627766
24632777
24634995
24635651
24635746
24641584
24642846
24645846
24651064
24652291
24655510
24655684
24656236
24656338
24657166
24659487
24665109
24666886
24670657
24675528
24682459
24684666
24689783
24689873
24691572
24694353
24697163
24706550
24706747
24714762
24715456
24716518
24722185
24722549
24722992
24723033
24723605
24723925
24725206
24725611
24726369
24728296
24732353
24733919
24736281
24736658
24738645
24738778
24739434
24744375
24750137
24750781
24753595
24753604
24759634
24760072
24762702
24769480
24773321
24777345
24783971
24786710
24787903
24793754
24794527
24796566
24798377
24799676
24799695
24801342
24803498
24803505
24804808
24804838
24812105
24814155
24820208
24821954
24828308
24833217
24833221
24834920
24845074
24847714
24850853
24850864
24852848
24854982
24863420
24866591
24872450
24873912
24876222
24886080
24886195
24887436
24889622
24898766
24903607
24904028
24904617
24905398
24906560
24908129
24908668
24911915
24913363
24915748
24915771
24920452
24923429
24923602
24928519
24939556
24946831
24948829
24950892
24951508
24953020
24954045
24961368
24961590
24962999
24963054
24963070
24965177
24970010
24978855
24979809
24980094
24984858
24990996
24992598
25000295
25002145
25002225
25002488
25005853
25005919
25008995
25009301
25009302
25009544
25010425
25010794
25013950
25014715
25015644
25017158
25018019
25036120
25038251
25039701
25041347
25047956
25049360
25052714
25052854
25056921
25058458
25058695
25060324
25063454
25065551
25070639
25071809
25073793
25082857
25083911
25084685
25093373
25098240
25099340
25102851
25104024
25104541
25105766
25107649
25108243
25109749
25114251
25127212
25128531
25130735
25134866
25135522
25144198
25146839
25146897
25149227
25151129
25155460
25159688
25164883
25165147
25168737
25182975
25183522
25185122
25187180
25189341
25192453
25193399
25199535
25200087
25201959
25204447
25210078
25211079
25211139
25216934
25217506
25218132
25219315
25228464
25228689
25228905
25231958
25231966
25231995
25232038
25233277
25233328
25236170
25237128
25243128
25245092
25246444
25246492
25246578
25255828
25256212
25256557
25258486
25262777
25262939
25262970
25263420
25263537
25267732
25271765
25274012
25274312
25274430
25274733
25278554
25279942
25281690
25285660
25286048
25288725
25288739
25288746
25288754
25289638
25293755
25295044
25296192
25299252
25299333
25310342
25311198
25311360
25311531
25315601
25324183
25325993
25327517
25330236
25330379
25343341
25343875
25344821
25351332
25355864
25356676
25356735
25359772
25360591
25360739
25361953
25366820
25367506
25371548
25373866
25378022
25379607
25380752
25380807
25387073
25388988
25408697
25410139
25410614
25414514
25416131
25419702
25425016
25428555
25429737
25429892
25433264
25437641
25438141
25438658
25443837
25446093
25449756
25450360
25479236
25481634
25482774
25482776
25482807
25490905
25491641
25503246
25505006
25512690
25517485
25522358
25524441
25524588
25524819
25526217
25527707
25527708
25530962
25535344
25539727
25546057
25547226
25557441
25568345
25569773
25572234
25572606
25576840
25578809
25581843
25582452
25587034
25596185
25599980
25600486
25600942
25604992
25605904
25608221
25609555
25610446
25614413
25614660
25617431
25617720
25617755
25620024
25622028
25625821
25628228
25631790
25635042
25637221
25645692
25646318
25646482
25647296
25652660
25657015
25659750
25663622
25667114
25667318
25671434
25673300
25673776
25675970
25676129
25680185
25680231
25680966
25681328
25684209
25686795
25688911
25692230
25694514
25701469
25704163
25708384
25710501
25711703
25714779
25717038
25719734
25724636
25728088
25728768
25733183
25733771
25733903
25734273
25736208
25738547
25739330
25739701
25742495
25744535
25747251
25748116
25752316
25752924
25755252
25756224
25757555
25762317
25763501
25763620
25763626
25763700
25763709
25764421
25765300
25769696
25770820
25775524
25778986
25786829
25793367
25801273
25803274
25806686
25811405
25811607
25813544
25814999
25819550
25820621
25822663
25825745
25826366
25830785
25837856
25840086
25850808
25855206
25858700
25858915
25862142
25867943
25870290
25871650
25877331
25881027
25886477
25886731
25887520
25887570
25889874
25893424
25893869
25895675
25900562
25901084
25902052
25902521
25904921
25917172
25917173
25918389
25922491
25922987
25926337
25926481
25928219
25937463
25941528
25943559
25944101
25944663
25950739
25951042
25953354
25962685
25970766
25972346
25973891
25974423
25976104
25977984
25985302
25988356
25991739
25992947
25993128
25994414
26004230
26008766
26010225
26012647
26020919
26022141
26023108
26025517
26036254
26036614
26041787
26046379
26048037
26048883
26048959
26054800
26057228
26058834
26063389
26063392
26063505
26067203
26070206
26070639
26073981
26076458
26082401
26084405
26088926
26093144
26094768
26098425
26103993
26105995
26109181
26121931
26123745
26124109
26129778
26134164
26134165
26135843
26139525
26141131
26142104
26143250
26143252
26143253
26143750
26147117
26147377
26147561
26148112
26148498
26150509
26152711
26153985
26157113
26161528
26162429
26163575
26163577
26164240
26165498
26168398
26171608
26174736
26175513
26176841
26176923
26183329
26188204
26192964
26193947
26199419
26206852
26207341
26215041
26216469
26222830
26226417
26227967
26228300
26229051
26232487
26237004
26243616
26251310
26258045
26259174
26259181
26259194
26261268
26265760
26267359
26269626
26276688
26276834
26276836
26280413
26286717
26292212
26294252
26294763
26295562
26296798
26296956
26297385
26300891
26307378
26308901
26310916
26311645
26314500
26317412
26324913
26334764
26339024
26340317
26340512
26344415
26345162
26345949
26350634
26353760
26355083
26357885
26358558
26360626
26361095
26361733
26361885
26363272
26363642
26368055
26371323
26372374
26378102
26385421
26387805
26389843
26390061
26392261
26392263
26392549
26398806
26400170
26400295
26400685
26404089
26406899
26408532
26417106
26432875
26433202
26436309
26451844
26459856
26467431
26470017
26472270
26479492
26479682
26480470
26482222
26482889
26483493
26492035
26492850
26493030
26493517
26493518
26494732
26494759
26494791
26497803
26500667
26505395
26515455
26516022
26517126
26517270
26517938
26518574
26522658
26528315
26530087
26530421
26542441
26546341
26546445
26552885
26554016
26554020
26557124
26564029
26566821
26574599
26575318
26577780
26577903
26578519
26578700
26582368
26584710
26586176
26589552
26589801
26590017
26596764
26599708
26600517
26600518
26607171
26608698
26616172
26617625
26635828
26635829
26642813
26643195
26643268
26644505
26653025
26655738
26663076
26668375
26684465
26685190
26687966
26689855
26696443
26698930
26704641
26706076
26708041
26711010
26712825
26713351
26714008
26714637
26715743
26720211
26721386
26721863
26724425
26725247
26728313
26731606
26739232
26740567
26743425
26745266
26745465
26747283
26748855
26752200
26753761
26755691
26757990
26759310
26762038
26763114
26763121
26764375
26765652
26767748
26771182
26772971
26773809
26779212
26784444
26792735
26795142
26802039
26804987
26806033
26808213
26811289
26826218
26828726
26829043
26829353
26829901
26829979
26834178
26836315
26842983
26846417
26846460
26848539
26849212
26857545
26858286
26862584
26869260
26869261
26869262
26869511
26870073
26883224
26884175
26884486
26892368
26893494
26896439
26896849
26907775
26912459
26915584
26916092
26917156
26917556
26924175
26924213
26925070
26925086
26926011
26926526
26929142
26929345
26931169
26934536
26935217
26935252
26935448
26935840
26936301
26941753
26945050
26945051
26946469
26957563
26969434
26969722
26973252
26973658
26973671
26976262
26980282
26983994
26989174
26991128
27001478
27002061
27006488
27009386
27010418
27013021
27016448
27020034
27021201
27021284
27021285
27023240
27030733
27031427
27037613
27037684
27048590
27050746
27054042
27056257
27057003
27058428
27063780
27069118
27074578
27074982
27083783
27084594
27090905
27095107
27095405
27097641
27098089
27100110
27106031
27114083
27121119
27121184
27128446
27131447
27135319
27137382
27137384
27139299
27139926
27151537
27152458
27155375
27156137
27160427
27164978
27174104
27176732
27176769
27192441
27194725
27194805
27200021
27200067
27206460
27206716
27207877
27208224
27208226
27208243
27208244
27208248
27208259
27208268
27208284
27208285
27208287
27208291
27208295
27208780
27212106
27215439
27216227
27217495
27219053
27226176
27226350
27228117
27232492
27236699
27242824
27247032
27249196
27251529
27265398
27274076
27282027
27282876
27288360
27289266
27290879
27291711
27296049
27297991
27316434
27322342
27324189
27327160
27329702
27333892
27335346
27335452
27336225
27338341
27338344
27343715
27345161
27349915
27350128
27352992
27353331
27354557
27368642
27377564
27379127
27382128
27385766
27388680
27388681
27392293
27405463
27406167
27415132
27416927
27418400
27420922
27425246
27427911
27432253
27432873
27432993
27436712
27443603
27457989
27461959
27464764
27464824
27466227
27468291
27471161
27471304
27472890
27474438
27474933
27485943
27487840
27493652
27493656
27498784
27500592
27500884
27501416
27502434
27503561
27512016
27516531
27520828
27523280
27524234
27527343
27529511
27531226
27535792
27540109
27540766
27543605
27545969
27550996
27550997
27557686
27558694
27559024
27562322
27573094
27577115
27579028
27581057
27586278
27587343
27591188
27599367
27610112
27611904
27618555
27620181
27620834
27622452
27622591
27622766
27624837
27630196
27639642
27640194
27644410
27650450
27651456
27653474
27660165
27663409
27663411
27671653
27672037
27677881
27689766
27697901
27702813
27704179
27704232
27707542
27708161
27708406
27713409
27733515
27747971
27760723
27760882
27761696
27780782
27782132
27783435
27789739
27789798
27796586
27796641
27797353
27798848
27803189
27803248
27805809
27815362
27818674
27818891
27819041
27824150
27825479
27835985
27837007
27837089
27837090
27837091
27852950
27857719
27865928
27866150
27870853
27871243
27872246
27874073
27879389
27880006
27886385
27888524
27889482
27894276
27898102
27907902
27911721
27911772
27912083
27913740
27916797
27917180
27917941
27918247
27920339
27920784
27926813
27930296
27930298
27932421
27939943
27940305
27942959
27956586
27965412
27966738
27975189
27988886
27994613
27999177
28001093
28007029
28007557
28008335
28011633
28011690
28011693
28011721
28011868
28012016
28028228
28029738
28031789
28034953
28039930
28045577
28049856
28054361
28058744
28062750
28066458
28066461
28066493
28068194
28068346
28068427
28069706
28070891
28082517
28082717
28087367
28087776
28097785
28100450
28104889
28108181
28108697
28108812
28112257
28112445
28115696
28118403
28121385
28126845
28130550
28130831
28132848
28133462
28134437
28134991
28137883
28150888
28155228
28157265
28158764
28159890
28161630
28165502
28167700
28167764
28173754
28174248
28174577
28182967
28185536
28188182
28188256
28188273
28189687
28193764
28195196
28199692
28202596
28202598
28202726
28202734
28205546
28207953
28209841
28212378
28213559
28216162
28222675
28224917
28228439
28229491
28231321
28232584
28233777
28235802
28240906
28244104
28250068
28250070
28261229
28262967
28263378
28270611
28270625
28270825
28273088
28273503
28277611
28279171
28280049
28283569
28285138
28285416
28288105
28292856
28293847
28295392
28314904
28314937
28319089
28319645
28319670
28325834
28325872
28330935
28344081
28346710
28348234
28349276
28355208
28356402
28363992
28369795
28370563
28371870
28371923
28376244
28377589
28381501
28382520
28383693
28384054
28387156
28396964
28400493
28400495
28407091
28407383
28408540
28408737
28412199
28421329
28428341
28430017
28432258
28438792
28441590
28446637
28449662
28450399
28450583
28455402
28455403
28472134
28476889
28477442
28487714
28493925
28495963
28499073
28502081
28507137
28507139
28510716
28510840
28512179
28515145
28515146
28515738
28547583
28552357
28556250
28556940
28558752
28559550
28559907
28567645
28575660
28578018
28584114
28584283
28585465
28585692
28586434
28586467
28588392
28596781
28603081
28606901
28616659
28620956
28626008
28626890
28631407
28634231
28635622
28636077
28637270
28640868
28646085
28646092
28646650
28652334
28652362
28655869
28660363
28667827
28673978
28676660
28683084
28683099
28683794
28684426
28686408
28691210
28696222
28696260
28701352
28703681
28704400
28708051
28710133
28710280
28712495
28716423
28718508
28722263
28724620
28724905
28725235
28730525
28733652
28735393
28739919
28744293
28746306
28746399
28751691
28752264
28757206
28763829
28765985
28775143
28775729
28776695
28778536
28779161
28791041
28792629
28797221
28798328
28801565
28808009
28818860
28821594
28822129
28824668
28827170
28827312
28827519
28827608
28827708
28828567
28829777
28839076
28839139
28839160
28842677
28845535
28848593
28850721
28850756
28851275
28851974
28857190
28861101
28861831
28871157
28874115
28874507
28877333
28879855
28880077
28881277
28882854
28882892
28884328
28884532
28887406
28888985
28890334
28894020
28895115
28900274
28902138
28914758
28916814
28922748
28927374
28939594
28939595
28951178
28969790
28970337
28970576
28971960
28977655
28978669
28979270
28981206
28981783
28985414
28991901
29016913
29018463
29025411
29028820
29035318
29036323
29036437
29040704
29040725
29040793
29044697
29045742
29046690
29047257
29051198
29057954
29061907
29061908
29071379
29071531
29083033
29084582
29086445
29087315
29088399
29089393
29095889
29098377
29099944
29100054
29101334
29103938
29106332
29106622
29110195
29114014
29114079
29118334
29122988
29132315
29136458
29138350
29140247
29142022
29143298
29149092
29150547
29155859
29161311
29163581
29163590
29165718
29179675
29187505
29193541
29196635
29199270
29199514
29199889
29207474
29209732
29212661
29216369
29216370
29222952
29229696
29230929
29232718
29233834
29234332
29235671
29237079
29242378
29247121
29248583
29250090
29250093
29250431
29253890
29255150
29262317
29265374
29269023
29273780
29282559
29288215
29288621
29291349
29300952
29301952
29301953
29305701
29307003
29309666
29312390
29314414
29315590
29315927
29317470
29320985
29323145
29325159
29329458
29330702
29333573
29335544
29340752
29343504
29344830
29348626
29350244
29355926
29356222
29361563
29362078
29362082
29362083
29367414
29372457
29375609
29377762
29382692
29382719
29391473
29393726
29409894
29411094
29417579
29422671
29424475
29432183
29435938
29439132
29444814
29444862
29445053
29449088
29451311
29462458
29465318
29466764
29467177
29475937
29475950
29476306
29479720
29487119
29491872
29495267
29500181
29505832
29509915
29513662
29513740
29515603
29518237
29525832
29528453
29530927
29530938
29541828
29547354
29555730
29560577
29562355
29563504
29564821
29567670
29569777
29574158
29574486
29574778
29576062
29576071
29577542
29579304
29580375
29581511
29582247
29590103
29593293
29596649
29600460
29603241
29604523
29608566
29616052
29616060
29616073
29618812
29619039
29621424
29626069
29648652
29651041
29654173
29655242
29659701
29660088
29666329
29670153
29676774
29686103
29698723
29700471
29702701
29703137
29717020
29720555
29731167
29735985
29738099
29740955
29743014
29748433
29748960
29752548
29752755
29754447
29761864
29764982
29775862
29777000
29781136
29784767
29784797
29784958
29785454
29792165
29808313
29844157
29853600
29859040
29868051
29872452
29873769
29873797
29875377
29876984
29899148
29901260
29901823
29907700
29915353
29920280
29920827
29924726
29927997
29932218
29932270
29938075
29941559
29943206
29946018
29949662
29951071
29951845
29957571
29966250
29968001
29969683
29971084
29971484
29973946
29975688
29982569
29982637
29982677
29992537
29993313
29996624
30002256
30003619
30007010
30008108
30014159
30016624
30018156
30018171
30025149
30025926
30026291
30043294
30043368
30044519
30046236
30047177
30049747
30053316
30055112
30055264
30057112
30060552
30061120
30076598
30078560
30080609
30080613
30081827
30082766
30087396
30093718
30096253
30099611
30102384
30102814
30111359
30111865
30112860
30114285
30121823
30124284
30125002
30126903
30127035
30129698
30135599
30136442
30141049
30144341
30145767
30149544
30152752
30154813
30165552
30169890
30170727
30188766
30193004
30194261
30194279
30194343
30194869
30197654
30199528
30201823
30202032
30208656
30208840
30209072
30222730
30224707
30233632
30236061
30237090
30238569
30239807
30239885
30242472
30245129
30249634
30252897
30254172
30261844
30272197
30279472
30282744
30282794
30283021
30283470
30283471
30285607
30286083
30289546
30289547
30297026
30297831
30301775
30301791
30305032
30305839
30306251
30315167
30317439
30317650
30334067
30337956
30339276
30339663
30346042
30348775
30348816
30350901
30352616
30352855
30364940
30377221
30379827
30385801
30387549
30389856
30393849
30395602
30405546
30405669
30407730
30413616
30413758
30417446
30418966
30426513
30428077
30429349
30446008
30447121
30448055
30459265
30460568
30464024
30464337
30467611
30469332
30476276
30478361
30482177
30482788
30482863
30483296
30486431
30496625
30497780
30503825
30509163
30510038
30511330
30511331
30513997
30514299
30518831
30531945
30532763
30534387
30535894
30536042
30537172
30537925
30538100
30538165
30538233
30541876
30542353
30542810
30546376
30548401
30552198
30555083
30559192
30559414
30559749
30563457
30568723
30577806
30586356
30587123
30590744
30593977
30594656
30598393
30600409
30605473
30607703
30607883
30614695
30615605
30616525
30617455
30619403
30622549
30623274
30625997
30626920
30632163
30632887
30634648
30635559
30643123
30649641
30657772
30666736
30670485
30674698
30678154
30679374
30688990
30697937
30700538
30703566
30704461
30705074
30705075
30705076
30706245
30707695
30710463
30713077
30715740
30720904
30733726
30737513
30738662
30739357
30753668
30755475
30759748
30760637
30764708
30765480
30770391
30770462
30770467
30782848
30782965
30790290
30814258
30821050
30824011
30828904
30829108
30834637
30837346
30837365
30843586
30844105
30845139
30856216
30862084
30864573
30865619
30865669
30875368
30875369
30878346
30884842
30885140
30886204
30892620
30892623
30894418
30894458
30899015
30902643
30911860
30912267
30926655
30931948
30941419
30941465
30943245
30944466
30945368
30945786
30953277
30957942
30970629
30972413
30973898
30974782
30977368
30979587
30979883
30982471
30983495
30988512
30998769
30998777
31001298
31002305
31002461
31009077
31018872
31022949
31023840
31031784
31034471
31043751
31046137
31048693
31057661
31059824
31064880
31077612
31083521
31087771
31100786
31105724
31106771
31111205
31116744
31117614
31118221
31120885
31121965
31123146
31125376
31128708
31130976
31134102
31134633
31137879
31142640
31148289
31150089
31155775
31159296
31164898
31167507
31168681
31173101
31176880
31177387
31182810
31182845
31184697
31195255
31196007
31197817
31198960
31201323
31203879
31203881
31208046
31208958
31217219
31219457
31219634
31234799
31236789
31241165
31242553
31244877
31245666
31245688
31245725
31245748
31245783
31248965
31249317
31250301
31254977
31257685
31261768
31263241
31274993
31275036
31275041
31277523
31277948
31285327
31286324
31290959
31291642
31295628
31295758
31296566
31296940
31297122
31302867
31311120
31311832
31315260
31316531
31316686
31324745
31324846
31325407
31331996
31339933
31341087
31349783
31350362
31354770
31358682
31361942
31364708
31365325
31366887
31368041
31369173
31371496
31372633
31375683
31378616
31379142
31381206
31381567
31382813
31391082
31399930
31400169
31401648
31408172
31409630
31411777
31413204
31420737
31421981
31426748
31427085
31427469
31431532
31433471
31444299
31449356
31451644
31455245
31465451
31465456
31481194
31481195
31492001
31492958
31504776
31505781
31507623
31510080
31527254
31533618
31534673
31541262
31541643
31544937
31547486
31548257
31548267
31549420
31552080
31554790
31558318
31559423
31559895
31562498
31584936
31600319
31601623
31606969
31608091
31617339
31617999
31632419
31639235
31641755
31642487
31649692
31651238
31651257
31652438
31659801
31660587
31664904
31664908
31665547
31666236
31666960
31671241
31684864
31685644
31692404
31694261
31697317
31699036
31701600
31727786
31730445
31731608
31732672
31732703
31733154
31740675
31740936
31757966
31762012
31766424
31768121
31772076
31776182
31776784
31782079
31792148
31803215
31805740
31807981
31815938
31819717
31819725
31820142
31822614
31826870
31826964
31832774
31847079
31856195
31863155
31876224
31876373
31891113
31899321
31901180
31914389
31914847
31914927
31925312
31928685
31928687
31934339
31934501
31943722
31958173
31964685
31979421
31986202
31990075
31999343
32000681
32008084
32010156
32012467
32012755
32020618
32024698
32029763
32034036
32038686
32044988
32054782
32060052
32060175
32079260
32079595
32082352
32082353
32082406
32083791
32103605
32106336
32107545
32117329
32117374
32129896
32139477
32143506
32153608
32156194
32156771
32157271
32161109
32165445
32167237
32182993
32186471
32189187
32192231
32193204
32205453
32210987
32214028
32218159
32220242
32231125
32235838
32242234
32245753
32245810